$ 1 0.000005 10.20027730826997 50 5 43 5e-11
f 144 240 192 240 32 1.5 0.02
f 144 176 192 176 33 1.5 0.02
s 32 208 112 208 0 1 false
w 144 240 144 208 0
w 144 176 144 208 0
w 144 208 112 208 0
w 192 192 192 208 0
w 192 224 192 208 0
w 192 208 224 208 0
w 192 160 192 128 0
w 192 256 192 288 0
r 112 208 112 272 0 1000
R 32 208 0 208 0 0 40 5 0 0 0.5
g 112 272 112 288 0 0
g 192 288 192 304 0 0
R 192 128 192 96 0 0 40 3.3 0 0 0.5
R 112 144 112 112 0 0 40 3.3 0 0 0.5
d 112 208 112 144 2 default
R 512 128 512 96 0 0 40 5 0 0 0.5
g 512 288 512 304 0 0
g 432 272 432 288 0 0
R 352 208 320 208 0 0 40 3.3 0 0 0.5
r 432 208 432 272 0 1000
w 512 256 512 288 0
w 512 160 512 128 0
w 512 208 544 208 0
w 512 224 512 208 0
w 512 192 512 208 0
w 464 208 432 208 0
w 464 176 464 208 0
w 464 240 464 208 0
s 352 208 432 208 0 1 false
f 464 176 512 176 33 1.5 0.02
f 464 240 512 240 32 1.5 0.02
o 8 64 0 4099 10 0.00009765625 0 2 8 3
o 25 64 0 4099 5 0.00009765625 1 2 25 3
